camera_matrix:
- - 1501.9374712879626
  - 0.0
  - 566.5690420612353
- - 0.0
  - 1498.8879775647906
  - 537.1294320963829
- - 0.0
  - 0.0
  - 1.0
dist_coeffs:
- -0.23209990592862148
- 0.18555547567396516
- 0.0001394500514717484
- -0.004200350893003294
image_height: 1024
image_width: 1224
rotation:
- - 0.999198510036219
  - 0.0400292086032242
  - 2.451082109417011e-18
- - 0.0
  - 6.123233995736766e-17
  - -1.0
- - -0.0400292086032242
  - 0.999198510036219
  - 6.1183262851433e-17
translation:
- 0.15
- -0.2815789473684212
- -0.13157894736842124

# Rotation matrix in readable format:
# [R1 R2 R3]
# [R4 R5 R6]
# [R7 R8 R9]
rotation_matrix_formatted: |
  [ 0.99919851  0.04002921  0.00000000]
  [ 0.00000000  0.00000000 -1.00000000]
  [-0.04002921  0.99919851  0.00000000]

# Euler angles (degrees) [Roll, Pitch, Yaw]:
euler_angles_deg:
  roll: 90.000000
  pitch: 2.294118
  yaw: 0.000000
