cam0:
  T_cam_imu:
  - [0.9999336662069167, 0.004733794876163726, -0.01050020819159143, -0.1083641934094702]
  - [-0.010225254929975905, -0.05477960180909269, -0.9984461124103073, 0.05305238629306062]
  - [-0.005301636314701451, 0.9984872489980577, -0.05472756381092614, -0.11460818365121764]
  - [0.0, 0.0, 0.0, 1.0]
  cam_overlaps: [1]
  camera_model: pinhole
  distortion_coeffs: [-0.23009579020273063, 0.1913865408334429, 0.00042581630529706544, 0.0008578292685922686]
  distortion_model: radtan
  intrinsics: [1464.7375112166017, 1467.3201356801408, 638.2613397837024, 519.0758213141185]
  resolution: [1224, 1024]
  rostopic: /cam_sync/cam0/image_raw/debayered
  timeshift_cam_imu: -0.04613166490820675
cam1:
  T_cam_imu:
  - [0.9991914662604671, -0.005171432627796971, -0.03987066637058362, 0.11572050444024802]
  - [-0.040066660373608336, -0.04599043247924195, -0.9981380379721427, 0.0498383014147285]
  - [0.003328134426995682, 0.9989284941400705, -0.04616044969762978, -0.1138516408263342]
  - [0.0, 0.0, 0.0, 1.0]
  T_cn_cnm1:
  - [0.9995193558968442, 0.0298750133906811, -0.008278934862793798, 0.22149883880105853]
  - [-0.02980105467101821, 0.9995160730568892, 0.00891722162044931, -0.005395792078249989]
  - [0.008541330578472036, -0.008666214619997, 0.999925968457719, 0.00213339596878825]
  - [0.0, 0.0, 0.0, 1.0]
  cam_overlaps: [0]
  camera_model: pinhole
  distortion_coeffs: [-0.23004005376300485, 0.199478572499818, 9.399233919933185e-05, 0.0011942660884607993]
  distortion_model: radtan
  intrinsics: [1467.3388023306418, 1470.8005221280362, 625.6136533312081, 522.064732892733]
  resolution: [1224, 1024]
  rostopic: /cam_sync/cam1/image_raw/debayered
  timeshift_cam_imu: -0.0457450376763588
