cam0:
  T_cam_imu:
  - [0.9998355703401072, 0.014619297368130384, 0.010728859544966243, 0.10640677464631007]
  - [0.010842268705235802, -0.007700446689831442, -0.9999115702551408, 0.05957422024625415]
  - [-0.01453538757642539, 0.9998634803138077, -0.007857686858348256, -0.10111649317480176]
  - [0.0, 0.0, 0.0, 1.0]
  cam_overlaps: [1]
  camera_model: pinhole
  distortion_coeffs: [-0.22536201771704426, 0.18392447625219804, 1.832819413350506e-05, -0.002056873451721342]
  distortion_model: radtan
  intrinsics: [1473.550187728975, 1473.928766305281, 622.1979969658884, 525.2770779767592]
  resolution: [1224, 1024]
  rostopic: /cam_sync/cam0/image_raw/debayered
  timeshift_cam_imu: -0.046895609063600664
cam1:
  T_cam_imu:
  - [0.9993169924572725, 0.012997564913370334, 0.03459207846421983, -0.11677045659543381]
  - [0.03464963324170973, -0.00422926788434741, -0.9993905724036912, 0.05787264375705798]
  - [-0.012843344672125763, 0.9999065839364621, -0.004676740119765821, -0.09914346459840435]
  - [0.0, 0.0, 0.0, 1.0]
  T_cn_cnm1:
  - [0.9997138239218181, -0.02385424319733026, -0.0018014830275383796, -0.22190784187649676]
  - [0.023859785807566987, 0.9997104444363831, 0.003120561812561485, -0.003907629026589331]
  - [0.0017265227577158513, -0.003162651781593275, 0.9999935083553668, 0.001977070959854031]
  - [0.0, 0.0, 0.0, 1.0]
  cam_overlaps: [0]
  camera_model: pinhole
  distortion_coeffs: [-0.23440499400636444, 0.20880129864618607, 1.9673312633668956e-05, -0.0018819722989606134]
  distortion_model: radtan
  intrinsics: [1475.455633227604, 1476.5163718392132, 634.5526012624475, 506.3812415015413]
  resolution: [1224, 1024]
  rostopic: /cam_sync/cam1/image_raw/debayered
  timeshift_cam_imu: -0.0468684538761853
