cam0:
  T_cam_imu:
  - [0.9991537673393944, 0.025003086073111094, -0.03265876449467706, 0.12341361164403788]
  - [-0.03236759643444539, -0.011962852409161284, -0.9994044370840547, 0.058078463679266557]
  - [-0.0253788871417771, 0.9996157941174499, -0.011143439253108456, -0.06938138451588569]
  - [0.0, 0.0, 0.0, 1.0]
  cam_overlaps: [1]
  camera_model: pinhole
  distortion_coeffs: [-0.23209990592862148, 0.18555547567396516, 0.0001394500514717484, -0.004200350893003294]
  distortion_model: radtan
  intrinsics: [1501.9374712879626, 1498.8879775647906, 566.5690420612353, 537.1294320963829]
  resolution: [1224, 1024]
  rostopic: /cam_sync/cam0/image_raw/debayered
  timeshift_cam_imu: -0.04623623752718018
cam1:
  T_cam_imu:
  - [0.999384075118735, 0.02206277955774924, -0.02728926817004871, -0.0998991941507065]
  - [-0.027272006326087977, -0.00108295920922713, -0.9996274630432584, 0.05934079029978317]
  - [-0.02208411352127336, 0.9997560007109421, -0.0004805959240348212, -0.06517089068691984]
  - [0.0, 0.0, 0.0, 1.0]
  T_cn_cnm1:
  - [0.9999812350325723, -0.005338578508116537, -0.003004856443555188, -0.2232089146046844]
  - [0.005370592712004699, 0.9999278065724148, 0.010748877950912731, 0.0013494872948475215]
  - [0.002947255783854012, -0.010764814108684462, 0.9999377142905214, 0.00446764474470768]
  - [0.0, 0.0, 0.0, 1.0]
  cam_overlaps: [0]
  camera_model: pinhole
  distortion_coeffs: [-0.2269090775921433, 0.1647371791142802, -0.0003390187368019619, -0.0018205049511375866]
  distortion_model: radtan
  intrinsics: [1500.6074322093546, 1502.435882495421, 579.9975350312932, 520.5569491193925]
  resolution: [1224, 1024]
  rostopic: /cam_sync/cam1/image_raw/debayered
  timeshift_cam_imu: -0.046031851272061594
