cam0:
  T_cam_imu:
  - [0.9999522313747597, 0.00969158574142534, -0.0012681224143404396, 0.12388373473093008]
  - [-0.0018292143296654313, 0.058107037229863545, -0.9983086828227558, 0.09780078734611748]
  - [-0.009601507359644018, 0.9982633146571028, 0.05812198952409364, -0.1325763342749678]
  - [0.0, 0.0, 0.0, 1.0]
  cam_overlaps: [1]
  camera_model: pinhole
  distortion_coeffs: [-0.2314729710874399, 0.17552628837561518, -0.00048116323716553374, -0.0009699045094883032]
  distortion_model: radtan
  intrinsics: [1472.4902448191558, 1475.0296379961496, 612.6531190363337, 503.1537662135037]
  resolution: [1224, 1024]
  rostopic: /cam_sync/cam0/image_raw/debayered
  timeshift_cam_imu: -0.05202800342837826
cam1:
  T_cam_imu:
  - [0.9996970806248091, 0.024595641567795125, 0.0008952128809120476, -0.10124258710325837]
  - [-0.0006912685491614456, 0.06441842285107008, -0.9979227369617216, 0.09637081176631924]
  - [-0.02460221815256792, 0.9976198279972432, 0.06441591145613151, -0.13158151951485683]
  - [0.0, 0.0, 0.0, 1.0]
  T_cn_cnm1:
  - [0.999886561999209, -0.001293179156920616, 0.015006359354237615, -0.22299630665726602]
  - [0.0011985693306964741, 0.9999793612683658, 0.006311930676810273, -0.000739627709286081]
  - [-0.015014212099205289, -0.00629322850192577, 0.9998674755736687, 0.003452744528795412]
  - [0.0, 0.0, 0.0, 1.0]
  cam_overlaps: [0]
  camera_model: pinhole
  distortion_coeffs: [-0.2196729221350371, 0.16334289769497431, -0.0006415428876029918, -0.0020785336832966237]
  distortion_model: radtan
  intrinsics: [1469.5396413665135, 1472.366614614229, 606.2976398464807, 512.2722556192685]
  resolution: [1224, 1024]
  rostopic: /cam_sync/cam1/image_raw/debayered
  timeshift_cam_imu: -0.0522661117709727
